-77.036099 38.9915573504
-77.0360780786 38.9915413821
-77.0353985091 38.991022702
-77.0339684018 38.9899311752
-77.0310281906 38.9876870645
-77.027887068 38.9852896084
-77.026499 38.9842301681
-77.0264936408 38.9842260777
-77.0202210618 38.9794385434
-77.0202210618 38.9794385434
-77.0182327325 38.9779209547
-77.0181117615 38.9778286238
-77.0171344164 38.977082667
-77.015598 38.97591
-77.0145056923 38.9749997436
-77.013798 38.97441
-77.0108699424 38.9721207914
-77.008298 38.97011
-77.0074671011 38.9694366854
-77.002498 38.96541
-77.002498 38.96541
-77.0013336437 38.96451
-77.000808716 38.9641042523
-76.999198 38.9628592344
-76.9970766116 38.9612194876
-76.9970074646 38.9611660398
-76.9921647428 38.9574228132
-76.9893485185 38.9552459865
-76.9878800576 38.9541109261
-76.9850276938 38.9519061651
-76.9783570053 38.9467499947
-76.9776216209 38.9461815724
-76.9746322487 38.9438709095
-76.9735093928 38.9430029876
-76.968397 38.9390513163
-76.9665650934 38.9376353271
-76.966512911 38.9375949923
-76.9633441504 38.9351456694
-76.9632984522 38.9351103465
-76.9632984326 38.9351103314
-76.9632675846 38.9350864872
-76.9632484304 38.9350716817
-76.9611176561 38.93342468
-76.9597186001 38.9323432668
-76.9589487072 38.9317481709
-76.9580462156 38.9310505817
-76.9576728771 38.9307620062
-76.9576687514 38.9307588172
-76.9510553261 38.9256469089
-76.9506305544 38.9253185777
-76.9442481547 38.9203852427
-76.9419338857 38.9185964071
-76.9419283567 38.9185921334
-76.9416439175 38.9183722735
-76.9412727867 38.9180854044
-76.935096 38.913311
-76.9318044122 38.9106856446
-76.9315400042 38.910474754
-76.9311940352 38.9101988108
-76.9234582869 38.9040288133
-76.9233552574 38.9039466374
-76.9199404389 38.9012229938
-76.9170784094 38.8989402522
-76.9144589542 38.8968509867
-76.9139426979 38.896439223
-76.9131563054 38.895812
-76.9124724441 38.8952665553
-76.9124215741 38.8952259816
-76.9123149764 38.8951409598
-76.9106976336 38.8938509746
-76.9106789563 38.8938360777
-76.909395 38.892812
-76.9105139718 38.8919328078
-76.910795 38.891712
-76.9125352263 38.8903607654
-76.9132403707 38.8898132416
-76.9132419697 38.889812
-76.9146138406 38.8887467826
-76.9186067696 38.8856463907
-76.9186163351 38.8856389634
-76.919295 38.885112
-76.920195 38.884412
-76.920195 38.884412
-76.9208069168 38.8839328543
-76.9214419662 38.8834355952
-76.9229225432 38.8822762674
-76.9243833337 38.8811324329
-76.9298107633 38.8768826236
-76.932359179 38.8748871522
-76.933703708 38.8738343533
-76.9337253604 38.873817399
-76.9345556356 38.8731672733
-76.9348866892 38.8729080503
-76.9360780107 38.8719752166
-76.939499961 38.8692957464
-76.9432102473 38.866390502
-76.9437792414 38.8659449658
-76.9465579615 38.8637691605
-76.946567478 38.8637617088
-76.949696 38.861312
-76.949696 38.861312
-76.953696 38.858512
-76.953696 38.858512
-76.9580096333 38.8550511958
-76.9580228244 38.8550406127
-76.9592769935 38.8540343997
-76.9603713846 38.8531563757
-76.9617334895 38.8520635665
-76.9631810134 38.8509022261
-76.965172091 38.8493047955
-76.9654282579 38.8490992742
-76.9665202169 38.8482232015
-76.9678640111 38.8471450828
-76.97065134 38.8449088242
-76.970797 38.844791962
-76.9727660904 38.8432121716
-76.979497 38.837812
-76.9846571151 38.8340595799
-76.9868492091 38.8324654958
-76.9886582796 38.8311499453
-76.990833538 38.8295681039
-76.9914545728 38.8291164893
-76.992697 38.828213
-76.9958578247 38.8254851649
-76.996665932 38.8247877573
-76.9980384634 38.8236032439
-76.9980684749 38.8235773436
-76.999997 38.821913
-77.001397 38.821513
-77.001397 38.821513
-77.0092292904 38.8151968066
-77.0257110023 38.8019054607
-77.0367491739 38.7930039487
-77.038598 38.791513
-77.038598 38.791513
-77.0386462909 38.7930100171
-77.0387787018 38.7971147544
-77.038898 38.800813
-77.0387221135 38.801613
-77.0384551429 38.8028272857
-77.0379526099 38.805113
-77.0370320355 38.8093001289
-77.0362326596 38.8129359997
-77.035798 38.814913
-77.038098 38.815613
-77.0387690175 38.8195049015
-77.039098 38.821413
-77.038098 38.828612
-77.039199 38.832212
-77.041199 38.833712
-77.042599 38.833812
-77.043499 38.833212
-77.044899 38.834712
-77.044999 38.838512
-77.044199 38.840212
-77.041699 38.840212
-77.032798 38.841712
-77.031698 38.850512
-77.0380171366 38.8619847122
-77.039299 38.864312
-77.038899 38.865812
-77.039099 38.868112
-77.040599 38.871212
-77.043299 38.874012
-77.045399 38.875212
-77.046599 38.874912
-77.045599 38.873012
-77.046299 38.871312
-77.049099 38.870712
-77.051299 38.873212
-77.051099 38.875212
-77.054099 38.879112
-77.055199 38.880012
-77.058254 38.880069
-77.063499 38.888611
-77.0643878214 38.8910903439
-77.067299 38.899211
-77.068199 38.899811
-77.070099 38.900711
-77.0752574314 38.9012225377
-77.0776896973 38.9014637342
-77.0822 38.901911
-77.0902 38.904211
-77.0937 38.905911
-77.1012 38.911111
-77.1034 38.912911
-77.1034774581 38.9130766
-77.105028746 38.9163931467
-77.1057265537 38.9178850113
-77.1063 38.919111
-77.1071481229 38.9198396689
-77.10722139 38.9199026167
-77.1134 38.925211
-77.1166 38.928911
-77.1168249617 38.9295166662
-77.1168645748 38.9296233167
-77.1179 38.932411
-77.1199 38.934311
-77.1199 38.934311
-77.1192826416 38.9347960272
-77.112868887 38.9398349894
-77.1127901653 38.939896837
-77.1093472667 38.942601748
-77.1073051002 38.9442061749
-77.1045 38.94641
-77.1034142857 38.9471242857
-77.1017786026 38.948200393
-77.1007 38.94891
-77.0982804705 38.9509087418
-77.0940705882 38.9543864706
-77.0915 38.95651
-77.0885736051 38.9587598023
-77.0858362043 38.9608643065
-77.0858272875 38.9608711617
-77.0823574782 38.9635387391
-77.0823574782 38.9635387391
-77.0804044893 38.9650401902
-77.0775357031 38.9672457031
-77.0718510419 38.9716160509
-77.0697515851 38.9732301061
-77.069198375 38.9736554121
-77.0675946901 38.9748883195
-77.0668018455 38.9754978557
-77.0640705733 38.9775976483
-77.0627537727 38.97861
-77.0625268982 38.9787844204
-77.054299 38.98511
-77.0527135888 38.9863020385
-77.0523786791 38.9865538503
-77.052373393 38.9865578248
-77.0467446376 38.9907899717
-77.0467446376 38.9907899717
-77.0421117255 38.9942733643
-77.0419980339 38.9943588467
-77.0414583618 38.9947646152
-77.040999 38.99511
-77.0402951488 38.9946008311
-77.036299 38.99171
-77.036299 38.99171
-77.036099 38.9915573504

